-1
-1
-1
-1
-1
-1
-1,-1,-1,-1,-1,-1,-1,-1,-1,-1,-1,-1,-1,-1,-1,-1,-1,-1,-1,-1,-1,-1,-1,83,92,92,92,92,-1,-1,-1,-1,92,83,83,83,92,-1,-1,-1,-1,-1,-1,-1,-1,-1,-1,-1,-1,-1,-1,-1,-1,-1,-1,-1,-1,-1,-1,-1,-1,-1,-1,-1,-1,-1,-1,-1,-1,-1
-1,-1,-1,-1,-1,-1,-1,-1,-1,-1,-1,-1,-1,-1,-1,-1,-1,-1,-1,-1,-1,-1,-1,92,81,83,81,83,-1,-1,-1,-1,83,83,92,83,92,-1,-1,-1,-1,-1,-1,-1,-1,-1,-1,-1,-1,-1,-1,-1,-1,-1,-1,-1,-1,-1,-1,-1,-1,-1,-1,-1,-1,-1,-1,-1,-1,-1
-1,-1,-1,-1,-1,-1,-1,-1,-1,-1,-1,-1,-1,-1,-1,-1,-1,-1,-1,-1,-1,-1,-1,83,71,92,71,92,-1,-1,57,58,58,57,83,88,92,-1,-1,-1,-1,-1,-1,-1,83,83,83,-1,-1,-1,-1,-1,-1,-1,-1,-1,-1,-1,-1,-1,-1,-1,-1,-1,-1,-1,-1,-1,-1,-1
-1,-1,-1,-1,-1,-1,-1,-1,-1,-1,-1,-1,-1,-1,-1,-1,-1,-1,-1,-1,-1,-1,-1,83,92,83,83,92,-1,-1,98,72,88,57,83,88,83,-1,92,83,83,92,-1,-1,92,83,88,-1,-1,-1,-1,-1,-1,-1,-1,-1,-1,-1,-1,-1,-1,-1,-1,-1,-1,-1,-1,-1,-1,-1
-1,-1,-1,-1,-1,-1,-1,-1,-1,-1,92,83,83,83,56,56,56,-1,-1,-1,-1,57,56,56,56,56,92,43,77,77,98,68,68,57,92,83,92,-1,83,69,69,92,-1,83,69,83,83,-1,-1,-1,-1,-1,-1,-1,-1,-1,-1,-1,-1,-1,-1,-1,-1,-1,-1,-1,-1,-1,-1,-1
-1,-1,-1,-1,-1,-1,-1,-1,-1,-1,83,88,92,88,70,60,60,75,76,76,76,98,69,94,69,43,82,44,57,57,57,57,72,57,92,82,57,58,58,58,58,58,-1,92,69,83,88,-1,-1,-1,-1,-1,-1,-1,-1,-1,-1,-1,-1,-1,-1,-1,-1,-1,-1,-1,-1,-1,-1,-1
-1,-1,-1,-1,-1,-1,-1,57,58,58,58,57,92,55,88,80,88,99,82,82,82,98,69,95,69,45,82,44,83,81,84,81,94,57,82,92,98,88,70,70,88,60,92,56,56,56,56,56,57,-1,-1,-1,-1,-1,-1,-1,-1,-1,-1,-1,-1,-1,-1,-1,-1,-1,-1,-1,-1,-1
-1,-1,56,56,56,56,-1,98,88,68,88,43,82,65,88,50,88,99,82,82,54,98,95,94,24,25,53,45,83,71,78,71,94,57,99,82,6,7,7,7,8,90,54,79,78,83,78,79,57,-1,-1,-1,-1,-1,-1,-1,-1,-1,-1,-1,-1,-1,-1,-1,-1,-1,-1,-1,-1,-1
-1,-1,78,79,79,78,99,98,88,72,88,44,82,92,80,70,70,53,82,82,82,98,56,72,56,56,63,93,93,84,94,95,95,57,99,54,98,60,72,70,88,80,76,83,88,83,88,83,57,82,-1,-1,-1,-1,-1,-1,-1,-1,-1,-1,-1,-1,-1,-1,-1,-1,-1,-1,-1,-1
82,54,82,81,83,81,75,59,59,59,59,44,99,82,90,90,90,63,82,82,82,98,35,79,85,94,99,90,72,35,90,90,90,57,75,76,98,90,72,90,90,90,82,83,88,83,88,84,57,53,-1,-1,-1,-1,-1,-1,-1,-1,-1,-1,-1,-1,-1,-1,-1,-1,-1,82,57,94
82,54,92,71,72,71,53,98,84,93,92,44,75,76,95,72,81,75,76,76,76,98,83,92,78,81,75,80,70,60,70,81,70,57,76,76,98,81,70,70,70,60,75,49,93,93,94,95,57,63,82,-1,-1,-1,-1,-1,-1,-1,-1,-1,-1,-1,-1,-1,-1,-1,-1,54,57,94
75,76,83,83,92,92,63,98,94,95,84,45,99,82,95,86,91,66,82,82,66,98,84,93,93,91,76,90,90,90,90,91,90,57,66,66,98,91,50,60,60,60,82,56,56,56,56,56,57,75,82,82,-1,-1,-1,-1,-1,-1,-1,-1,-1,-1,-1,-1,-1,-1,-1,55,57,94
75,75,93,84,93,84,76,90,90,90,90,90,64,82,0,1,1,3,82,82,0,1,1,2,1,1,1,2,2,1,1,1,2,1,1,1,1,1,2,2,1,1,82,95,95,86,81,96,57,76,82,82,-1,-1,-1,-1,-1,-1,-1,-1,-1,-1,-1,-1,-1,-1,82,65,57,94
82,82,95,81,49,88,82,80,81,80,81,80,75,76,10,11,13,12,82,82,28,11,11,11,11,11,11,11,13,11,11,11,13,11,11,11,11,11,11,11,11,11,1,1,1,95,91,96,57,82,82,82,82,82,-1,-1,-1,-1,-1,-1,-1,-1,-1,-1,-1,-1,82,82,57,94
82,82,85,71,94,88,66,90,91,70,71,70,82,82,10,11,11,12,82,82,10,11,11,11,13,11,11,11,11,11,11,11,11,11,11,11,11,13,11,11,11,11,11,11,13,1,2,2,1,1,66,66,66,66,66,66,66,66,66,66,66,66,66,66,66,66,66,66,57,94
1,1,1,2,2,1,1,1,1,1,1,1,2,1,15,11,11,12,75,75,10,11,11,11,11,11,13,13,11,11,11,11,11,11,11,11,11,11,11,11,11,11,11,11,11,11,11,11,11,11,1,1,2,1,1,1,2,1,1,1,1,1,2,2,1,1,1,1,1,2
11,13,11,11,11,11,11,11,11,11,11,11,11,11,11,13,11,12,76,76,28,11,11,11,11,11,11,11,11,11,11,11,11,13,11,11,11,11,11,11,11,11,11,11,13,11,11,11,13,11,11,11,11,11,11,11,13,11,11,11,11,11,11,11,11,11,11,11,11,11
11,11,11,11,11,11,11,13,11,11,11,11,11,11,11,11,11,12,82,82,10,13,11,11,11,11,11,11,11,11,11,13,11,11,11,11,13,11,11,11,13,11,11,11,11,11,11,11,11,11,11,11,11,11,11,11,11,11,11,11,11,11,11,11,11,13,11,11,11,11
11,11,13,11,11,11,11,11,11,11,11,11,11,11,11,11,11,12,82,82,10,11,11,11,11,11,11,11,11,11,11,11,11,11,11,11,11,11,11,11,11,11,11,13,11,11,11,11,11,11,11,13,11,11,11,11,11,11,11,13,11,11,11,11,11,11,11,13,11,11
13,11,13,11,11,11,11,11,11,11,11,11,13,11,11,11,13,21,76,75,10,11,11,13,11,11,11,11,11,11,11,11,13,13,11,11,11,11,11,11,11,11,11,11,11,11,11,13,11,11,11,11,11,11,11,11,11,11,11,11,11,11,11,11,11,11,11,11,11,11
11,11,11,11,11,11,11,11,11,11,13,11,11,11,11,11,11,12,82,82,10,11,11,11,11,11,11,11,13,11,11,11,11,11,11,11,13,11,11,11,11,11,11,11,11,11,11,11,11,11,11,11,11,11,11,11,11,11,11,11,11,11,11,11,11,11,11,11,11,11
11,11,11,11,11,11,13,11,11,11,13,11,11,11,13,11,11,12,82,82,10,11,11,11,13,11,11,11,11,11,11,11,11,11,11,11,11,11,11,11,13,11,11,11,11,13,13,13,11,11,11,11,11,11,11,11,11,11,11,11,11,13,13,13,11,11,11,11,13,11
11,11,13,13,11,11,11,11,11,11,11,11,11,11,11,11,13,12,82,82,28,13,11,11,11,11,11,11,11,11,13,11,11,11,11,11,13,11,11,11,11,11,11,11,11,11,11,13,11,11,11,11,13,11,11,11,11,11,11,11,11,11,11,11,13,11,11,11,11,11
13,11,11,11,11,11,13,11,11,11,11,11,11,11,11,11,11,12,82,82,10,11,11,11,11,11,11,11,11,13,11,11,11,11,13,11,11,11,11,11,11,11,11,11,11,11,11,11,11,11,11,11,11,11,11,13,11,13,11,11,11,11,11,11,11,11,11,11,11,11
11,11,11,11,11,11,13,13,11,11,11,13,11,11,11,13,11,12,82,82,10,11,11,13,11,13,11,11,11,11,11,11,11,13,11,11,11,11,13,11,11,11,11,11,11,11,11,13,11,13,11,11,11,11,11,11,11,13,13,11,11,11,11,13,11,11,11,11,11,11
